(kicad_pcb (version 20171130) (host pcbnew 5.1.0)

  (general
    (thickness 1.6)
    (drawings 6)
    (tracks 1737)
    (zones 0)
    (modules 170)
    (nets 131)
  )

  (page A4)
  (layers
    (0 F.Cu signal)
    (31 B.Cu signal)
    (32 B.Adhes user)
    (33 F.Adhes user)
    (34 B.Paste user)
    (35 F.Paste user)
    (36 B.SilkS user)
    (37 F.SilkS user)
    (38 B.Mask user)
    (39 F.Mask user)
    (40 Dwgs.User user)
    (41 Cmts.User user)
    (42 Eco1.User user)
    (43 Eco2.User user)
    (44 Edge.Cuts user)
    (45 Margin user)
    (46 B.CrtYd user)
    (47 F.CrtYd user)
    (48 B.Fab user)
    (49 F.Fab user)
  )

  (setup
    (last_trace_width 0.6096)
    (user_trace_width 0.4064)
    (user_trace_width 0.6096)
    (user_trace_width 0.8128)
    (trace_clearance 0.1524)
    (zone_clearance 0.508)
    (zone_45_only no)
    (trace_min 0.2)
    (via_size 0.6)
    (via_drill 0.3)
    (via_min_size 0.4)
    (via_min_drill 0.3)
    (uvia_size 0.3)
    (uvia_drill 0.1)
    (uvias_allowed no)
    (uvia_min_size 0.2)
    (uvia_min_drill 0.1)
    (edge_width 0.05)
    (segment_width 0.2)
    (pcb_text_width 0.3)
    (pcb_text_size 1.5 1.5)
    (mod_edge_width 0.12)
    (mod_text_size 1 1)
    (mod_text_width 0.15)
    (pad_size 4.6 4.6)
    (pad_drill 0)
    (pad_to_mask_clearance 0.051)
    (solder_mask_min_width 0.25)
    (aux_axis_origin 0 0)
    (grid_origin 102 70)
    (visible_elements FFFFFF7F)
    (pcbplotparams
      (layerselection 0x010fc_ffffffff)
      (usegerberextensions false)
      (usegerberattributes false)
      (usegerberadvancedattributes false)
      (creategerberjobfile false)
      (excludeedgelayer true)
      (linewidth 0.100000)
      (plotframeref false)
      (viasonmask false)
      (mode 1)
      (useauxorigin false)
      (hpglpennumber 1)
      (hpglpenspeed 20)
      (hpglpendiameter 15.000000)
      (psnegative false)
      (psa4output false)
      (plotreference true)
      (plotvalue true)
      (plotinvisibletext false)
      (padsonsilk false)
      (subtractmaskfromsilk false)
      (outputformat 1)
      (mirror false)
      (drillshape 1)
      (scaleselection 1)
      (outputdirectory ""))
  )

  (net 0 "")
  (net 1 GND)
  (net 2 /ADC/REFINA)
  (net 3 /ADC/REFINB)
  (net 4 "Net-(C205-Pad2)")
  (net 5 "Net-(C205-Pad1)")
  (net 6 "Net-(C206-Pad1)")
  (net 7 "Net-(C206-Pad2)")
  (net 8 "Net-(C207-Pad1)")
  (net 9 "Net-(C207-Pad2)")
  (net 10 "Net-(C208-Pad1)")
  (net 11 "Net-(C208-Pad2)")
  (net 12 VDD)
  (net 13 "Net-(C301-Pad2)")
  (net 14 "Net-(C301-Pad1)")
  (net 15 "Net-(C302-Pad1)")
  (net 16 "Net-(C303-Pad1)")
  (net 17 "Net-(C303-Pad2)")
  (net 18 "Net-(C304-Pad1)")
  (net 19 "Net-(C306-Pad1)")
  (net 20 /FILTER/SWITCH1_V2)
  (net 21 /FILTER/SWITCH1_V1)
  (net 22 "Net-(C310-Pad1)")
  (net 23 "Net-(C310-Pad2)")
  (net 24 "Net-(C312-Pad1)")
  (net 25 "Net-(C312-Pad2)")
  (net 26 "Net-(C313-Pad1)")
  (net 27 "Net-(C314-Pad1)")
  (net 28 "Net-(C315-Pad1)")
  (net 29 "Net-(C316-Pad1)")
  (net 30 /FILTER/SWITCH2_V1)
  (net 31 /FILTER/SWITCH2_V2)
  (net 32 /FILTER/SWITCH2_V3)
  (net 33 "Net-(C320-Pad1)")
  (net 34 "Net-(C321-Pad1)")
  (net 35 "Net-(C322-Pad2)")
  (net 36 "Net-(C322-Pad1)")
  (net 37 /MSI/VHF_B45_IN)
  (net 38 "Net-(C323-Pad2)")
  (net 39 "Net-(C324-Pad2)")
  (net 40 /MSI/B3_LBAND_IN)
  (net 41 "Net-(C325-Pad1)")
  (net 42 "Net-(C326-Pad1)")
  (net 43 "Net-(C327-Pad1)")
  (net 44 "Net-(C328-Pad1)")
  (net 45 "Net-(C329-Pad1)")
  (net 46 "Net-(C401-Pad1)")
  (net 47 "Net-(C402-Pad1)")
  (net 48 "Net-(C403-Pad1)")
  (net 49 "Net-(C404-Pad1)")
  (net 50 "Net-(C405-Pad1)")
  (net 51 "Net-(C406-Pad1)")
  (net 52 "Net-(C407-Pad1)")
  (net 53 "Net-(C408-Pad1)")
  (net 54 "Net-(C409-Pad1)")
  (net 55 "Net-(C409-Pad2)")
  (net 56 "Net-(C412-Pad1)")
  (net 57 "Net-(C413-Pad2)")
  (net 58 "Net-(C413-Pad1)")
  (net 59 "Net-(C414-Pad2)")
  (net 60 "Net-(C414-Pad1)")
  (net 61 "Net-(C415-Pad1)")
  (net 62 /MSI/LBAND_IN+)
  (net 63 /MSI/LBAND_IN-)
  (net 64 "Net-(C418-Pad1)")
  (net 65 "Net-(C419-Pad1)")
  (net 66 "Net-(C420-Pad1)")
  (net 67 +2V8)
  (net 68 "Net-(C422-Pad1)")
  (net 69 "Net-(C424-Pad1)")
  (net 70 "Net-(C425-Pad1)")
  (net 71 "Net-(C426-Pad1)")
  (net 72 "Net-(C427-Pad2)")
  (net 73 /MSI/AM_IN)
  (net 74 VBUS)
  (net 75 "Net-(C434-Pad2)")
  (net 76 "Net-(C434-Pad1)")
  (net 77 "Net-(C435-Pad2)")
  (net 78 "Net-(C501-Pad2)")
  (net 79 "Net-(C502-Pad1)")
  (net 80 "Net-(C507-Pad1)")
  (net 81 "Net-(C508-Pad1)")
  (net 82 "Net-(C509-Pad1)")
  (net 83 +5V)
  (net 84 /Power_Clock/CLK3OUT)
  (net 85 /Power_Clock/CLK_SDA)
  (net 86 /MSI/MSI_DATA)
  (net 87 /Power_Clock/CLK_SCL)
  (net 88 /MSI/MSI_CLK)
  (net 89 /Power_Clock/POWER_EN)
  (net 90 /MSI/MSI_EN)
  (net 91 /ADC/D0A)
  (net 92 /ADC/D0B)
  (net 93 /ADC/D1A)
  (net 94 /ADC/D1B)
  (net 95 /ADC/D2A)
  (net 96 /ADC/D2B)
  (net 97 /ADC/D3A)
  (net 98 /ADC/D3B)
  (net 99 /ADC/D4A)
  (net 100 /ADC/D4B)
  (net 101 /ADC/D5A)
  (net 102 /ADC/D5B)
  (net 103 /ADC/D6A)
  (net 104 /ADC/D6B)
  (net 105 /ADC/D7A)
  (net 106 /ADC/D7B)
  (net 107 /ADC/DFS)
  (net 108 /ADC/ENCA)
  (net 109 /ADC/S1)
  (net 110 /ADC/ENCB)
  (net 111 /ADC/S2)
  (net 112 /ADC/REFOUT)
  (net 113 "Net-(JP202-Pad2)")
  (net 114 "Net-(L304-Pad1)")
  (net 115 "Net-(L306-Pad1)")
  (net 116 "Net-(Q301-Pad2)")
  (net 117 "Net-(Q302-Pad2)")
  (net 118 /ADC/AINA+)
  (net 119 /ADC/AINA-)
  (net 120 /ADC/AINB+)
  (net 121 /ADC/AINB-)
  (net 122 "Net-(R209-Pad2)")
  (net 123 "Net-(R210-Pad2)")
  (net 124 "Net-(R301-Pad2)")
  (net 125 "Net-(R503-Pad2)")
  (net 126 /Power_Clock/CLK1OUT)
  (net 127 /Power_Clock/CLK2OUT)
  (net 128 "Net-(R504-Pad2)")
  (net 129 "Net-(R505-Pad2)")
  (net 130 VCC)

  (net_class Default 这是默认网络类。
    (clearance 0.1524)
    (trace_width 0.2032)
    (via_dia 0.6)
    (via_drill 0.3)
    (uvia_dia 0.3)
    (uvia_drill 0.1)
    (add_net +2V8)
    (add_net +5V)
    (add_net /ADC/AINA+)
    (add_net /ADC/AINA-)
    (add_net /ADC/AINB+)
    (add_net /ADC/AINB-)
    (add_net /ADC/D0A)
    (add_net /ADC/D0B)
    (add_net /ADC/D1A)
    (add_net /ADC/D1B)
    (add_net /ADC/D2A)
    (add_net /ADC/D2B)
    (add_net /ADC/D3A)
    (add_net /ADC/D3B)
    (add_net /ADC/D4A)
    (add_net /ADC/D4B)
    (add_net /ADC/D5A)
    (add_net /ADC/D5B)
    (add_net /ADC/D6A)
    (add_net /ADC/D6B)
    (add_net /ADC/D7A)
    (add_net /ADC/D7B)
    (add_net /ADC/DFS)
    (add_net /ADC/ENCA)
    (add_net /ADC/ENCB)
    (add_net /ADC/REFINA)
    (add_net /ADC/REFINB)
    (add_net /ADC/REFOUT)
    (add_net /ADC/S1)
    (add_net /ADC/S2)
    (add_net /FILTER/SWITCH1_V1)
    (add_net /FILTER/SWITCH1_V2)
    (add_net /FILTER/SWITCH2_V1)
    (add_net /FILTER/SWITCH2_V2)
    (add_net /FILTER/SWITCH2_V3)
    (add_net /MSI/AM_IN)
    (add_net /MSI/B3_LBAND_IN)
    (add_net /MSI/LBAND_IN+)
    (add_net /MSI/LBAND_IN-)
    (add_net /MSI/MSI_CLK)
    (add_net /MSI/MSI_DATA)
    (add_net /MSI/MSI_EN)
    (add_net /MSI/VHF_B45_IN)
    (add_net /Power_Clock/CLK1OUT)
    (add_net /Power_Clock/CLK2OUT)
    (add_net /Power_Clock/CLK3OUT)
    (add_net /Power_Clock/CLK_SCL)
    (add_net /Power_Clock/CLK_SDA)
    (add_net /Power_Clock/POWER_EN)
    (add_net GND)
    (add_net "Net-(C205-Pad1)")
    (add_net "Net-(C205-Pad2)")
    (add_net "Net-(C206-Pad1)")
    (add_net "Net-(C206-Pad2)")
    (add_net "Net-(C207-Pad1)")
    (add_net "Net-(C207-Pad2)")
    (add_net "Net-(C208-Pad1)")
    (add_net "Net-(C208-Pad2)")
    (add_net "Net-(C301-Pad1)")
    (add_net "Net-(C301-Pad2)")
    (add_net "Net-(C302-Pad1)")
    (add_net "Net-(C303-Pad1)")
    (add_net "Net-(C303-Pad2)")
    (add_net "Net-(C304-Pad1)")
    (add_net "Net-(C306-Pad1)")
    (add_net "Net-(C310-Pad1)")
    (add_net "Net-(C310-Pad2)")
    (add_net "Net-(C312-Pad1)")
    (add_net "Net-(C312-Pad2)")
    (add_net "Net-(C313-Pad1)")
    (add_net "Net-(C314-Pad1)")
    (add_net "Net-(C315-Pad1)")
    (add_net "Net-(C316-Pad1)")
    (add_net "Net-(C320-Pad1)")
    (add_net "Net-(C321-Pad1)")
    (add_net "Net-(C322-Pad1)")
    (add_net "Net-(C322-Pad2)")
    (add_net "Net-(C323-Pad2)")
    (add_net "Net-(C324-Pad2)")
    (add_net "Net-(C325-Pad1)")
    (add_net "Net-(C326-Pad1)")
    (add_net "Net-(C327-Pad1)")
    (add_net "Net-(C328-Pad1)")
    (add_net "Net-(C329-Pad1)")
    (add_net "Net-(C401-Pad1)")
    (add_net "Net-(C402-Pad1)")
    (add_net "Net-(C403-Pad1)")
    (add_net "Net-(C404-Pad1)")
    (add_net "Net-(C405-Pad1)")
    (add_net "Net-(C406-Pad1)")
    (add_net "Net-(C407-Pad1)")
    (add_net "Net-(C408-Pad1)")
    (add_net "Net-(C409-Pad1)")
    (add_net "Net-(C409-Pad2)")
    (add_net "Net-(C412-Pad1)")
    (add_net "Net-(C413-Pad1)")
    (add_net "Net-(C413-Pad2)")
    (add_net "Net-(C414-Pad1)")
    (add_net "Net-(C414-Pad2)")
    (add_net "Net-(C415-Pad1)")
    (add_net "Net-(C418-Pad1)")
    (add_net "Net-(C419-Pad1)")
    (add_net "Net-(C420-Pad1)")
    (add_net "Net-(C422-Pad1)")
    (add_net "Net-(C424-Pad1)")
    (add_net "Net-(C425-Pad1)")
    (add_net "Net-(C426-Pad1)")
    (add_net "Net-(C427-Pad2)")
    (add_net "Net-(C434-Pad1)")
    (add_net "Net-(C434-Pad2)")
    (add_net "Net-(C435-Pad2)")
    (add_net "Net-(C501-Pad2)")
    (add_net "Net-(C502-Pad1)")
    (add_net "Net-(C507-Pad1)")
    (add_net "Net-(C508-Pad1)")
    (add_net "Net-(C509-Pad1)")
    (add_net "Net-(JP202-Pad2)")
    (add_net "Net-(L304-Pad1)")
    (add_net "Net-(L306-Pad1)")
    (add_net "Net-(Q301-Pad2)")
    (add_net "Net-(Q302-Pad2)")
    (add_net "Net-(R209-Pad2)")
    (add_net "Net-(R210-Pad2)")
    (add_net "Net-(R301-Pad2)")
    (add_net "Net-(R503-Pad2)")
    (add_net "Net-(R504-Pad2)")
    (add_net "Net-(R505-Pad2)")
    (add_net VBUS)
    (add_net VCC)
    (add_net VDD)
  )

  (module Package_TO_SOT_SMD:SOT-363_SC-70-6 (layer F.Cu) (tedit 5A02FF57) (tstamp 5CB65B84)
    (at 113.796 105.245 90)
    (descr "SOT-363, SC-70-6")
    (tags "SOT-363 SC-70-6")
    (path /5CACACB5/5CB03AE3)
    (attr smd)
    (fp_text reference U302 (at 0 -2 90) (layer F.SilkS)
      (effects (font (size 1 1) (thickness 0.15)))
    )
    (fp_text value MGA68563 (at 0 2 270) (layer F.Fab)
      (effects (font (size 1 1) (thickness 0.15)))
    )
    (fp_line (start -0.175 -1.1) (end -0.675 -0.6) (layer F.Fab) (width 0.1))
    (fp_line (start 0.675 1.1) (end -0.675 1.1) (layer F.Fab) (width 0.1))
    (fp_line (start 0.675 -1.1) (end 0.675 1.1) (layer F.Fab) (width 0.1))
    (fp_line (start -1.6 1.4) (end 1.6 1.4) (layer F.CrtYd) (width 0.05))
    (fp_line (start -0.675 -0.6) (end -0.675 1.1) (layer F.Fab) (width 0.1))
    (fp_line (start 0.675 -1.1) (end -0.175 -1.1) (layer F.Fab) (width 0.1))
    (fp_line (start -1.6 -1.4) (end 1.6 -1.4) (layer F.CrtYd) (width 0.05))
    (fp_line (start -1.6 -1.4) (end -1.6 1.4) (layer F.CrtYd) (width 0.05))
    (fp_line (start 1.6 1.4) (end 1.6 -1.4) (layer F.CrtYd) (width 0.05))
    (fp_line (start -0.7 1.16) (end 0.7 1.16) (layer F.SilkS) (width 0.12))
    (fp_line (start 0.7 -1.16) (end -1.2 -1.16) (layer F.SilkS) (width 0.12))
    (fp_text user %R (at 0 0 180) (layer F.Fab)
      (effects (font (size 0.5 0.5) (thickness 0.075)))
    )
    (pad 6 smd rect (at 0.95 -0.65 90) (size 0.65 0.4) (layers F.Cu F.Paste F.Mask)
      (net 25 "Net-(C312-Pad2)"))
    (pad 4 smd rect (at 0.95 0.65 90) (size 0.65 0.4) (layers F.Cu F.Paste F.Mask)
      (net 124 "Net-(R301-Pad2)"))
    (pad 2 smd rect (at -0.95 0 90) (size 0.65 0.4) (layers F.Cu F.Paste F.Mask)
      (net 1 GND))
    (pad 5 smd rect (at 0.95 0 90) (size 0.65 0.4) (layers F.Cu F.Paste F.Mask)
      (net 1 GND))
    (pad 3 smd rect (at -0.95 0.65 90) (size 0.65 0.4) (layers F.Cu F.Paste F.Mask)
      (net 18 "Net-(C304-Pad1)"))
    (pad 1 smd rect (at -0.95 -0.65 90) (size 0.65 0.4) (layers F.Cu F.Paste F.Mask)
      (net 1 GND))
    (model ${KISYS3DMOD}/Package_TO_SOT_SMD.3dshapes/SOT-363_SC-70-6.wrl
      (at (xyz 0 0 0))
      (scale (xyz 1 1 1))
      (rotate (xyz 0 0 0))
    )
  )

  (module Package_DFN_QFN:QFN-16-1EP_3x3mm_P0.5mm_EP1.7x1.7mm (layer F.Cu) (tedit 5CB2C38C) (tstamp 5CB507A0)
    (at 117.0515 121.566 180)
    (descr "QFN, 16 Pin (https://www.st.com/content/ccc/resource/technical/document/datasheet/4a/50/94/16/69/af/4b/58/DM00047334.pdf/files/DM00047334.pdf/jcr:content/translations/en.DM00047334.pdf), generated with kicad-footprint-generator ipc_dfn_qfn_generator.py")
    (tags "QFN DFN_QFN")
    (path /5CACACB5/5CAD479B)
    (attr smd)
    (fp_text reference U301 (at 0 -2.82 180) (layer F.SilkS)
      (effects (font (size 1 1) (thickness 0.15)))
    )
    (fp_text value PE42641 (at 0 2.82 180) (layer F.Fab)
      (effects (font (size 1 1) (thickness 0.15)))
    )
    (fp_text user %R (at 0 0 180) (layer F.Fab)
      (effects (font (size 0.75 0.75) (thickness 0.11)))
    )
    (fp_line (start 2.12 -2.12) (end -2.12 -2.12) (layer F.CrtYd) (width 0.05))
    (fp_line (start 2.12 2.12) (end 2.12 -2.12) (layer F.CrtYd) (width 0.05))
    (fp_line (start -2.12 2.12) (end 2.12 2.12) (layer F.CrtYd) (width 0.05))
    (fp_line (start -2.12 -2.12) (end -2.12 2.12) (layer F.CrtYd) (width 0.05))
    (fp_line (start -1.5 -0.75) (end -0.75 -1.5) (layer F.Fab) (width 0.1))
    (fp_line (start -1.5 1.5) (end -1.5 -0.75) (layer F.Fab) (width 0.1))
    (fp_line (start 1.5 1.5) (end -1.5 1.5) (layer F.Fab) (width 0.1))
    (fp_line (start 1.5 -1.5) (end 1.5 1.5) (layer F.Fab) (width 0.1))
    (fp_line (start -0.75 -1.5) (end 1.5 -1.5) (layer F.Fab) (width 0.1))
    (fp_line (start -1.135 -1.61) (end -1.61 -1.61) (layer F.SilkS) (width 0.12))
    (fp_line (start 1.61 1.61) (end 1.61 1.135) (layer F.SilkS) (width 0.12))
    (fp_line (start 1.135 1.61) (end 1.61 1.61) (layer F.SilkS) (width 0.12))
    (fp_line (start -1.61 1.61) (end -1.61 1.135) (layer F.SilkS) (width 0.12))
    (fp_line (start -1.135 1.61) (end -1.61 1.61) (layer F.SilkS) (width 0.12))
    (fp_line (start 1.61 -1.61) (end 1.61 -1.135) (layer F.SilkS) (width 0.12))
    (fp_line (start 1.135 -1.61) (end 1.61 -1.61) (layer F.SilkS) (width 0.12))
    (pad 16 smd roundrect (at -0.75 -1.4625 180) (size 0.25 0.825) (layers F.Cu F.Paste F.Mask) (roundrect_rratio 0.25))
    (pad 15 smd roundrect (at -0.25 -1.4625 180) (size 0.25 0.825) (layers F.Cu F.Paste F.Mask) (roundrect_rratio 0.25)
      (net 114 "Net-(L304-Pad1)"))
    (pad 14 smd roundrect (at 0.25 -1.4625 180) (size 0.25 0.825) (layers F.Cu F.Paste F.Mask) (roundrect_rratio 0.25)
      (net 1 GND))
    (pad 13 smd roundrect (at 0.75 -1.4625 180) (size 0.25 0.825) (layers F.Cu F.Paste F.Mask) (roundrect_rratio 0.25)
      (net 23 "Net-(C310-Pad2)"))
    (pad 12 smd roundrect (at 1.4625 -0.75 180) (size 0.825 0.25) (layers F.Cu F.Paste F.Mask) (roundrect_rratio 0.25)
      (net 1 GND))
    (pad 11 smd roundrect (at 1.4625 -0.25 180) (size 0.825 0.25) (layers F.Cu F.Paste F.Mask) (roundrect_rratio 0.25)
      (net 16 "Net-(C303-Pad1)"))
    (pad 10 smd roundrect (at 1.4625 0.25 180) (size 0.825 0.25) (layers F.Cu F.Paste F.Mask) (roundrect_rratio 0.25)
      (net 1 GND))
    (pad 9 smd roundrect (at 1.4625 0.75 180) (size 0.825 0.25) (layers F.Cu F.Paste F.Mask) (roundrect_rratio 0.25)
      (net 1 GND))
    (pad 8 smd roundrect (at 0.75 1.4625 180) (size 0.25 0.825) (layers F.Cu F.Paste F.Mask) (roundrect_rratio 0.25)
      (net 115 "Net-(L306-Pad1)"))
    (pad 7 smd roundrect (at 0.25 1.4625 180) (size 0.25 0.825) (layers F.Cu F.Paste F.Mask) (roundrect_rratio 0.25)
      (net 1 GND))
    (pad 6 smd roundrect (at -0.25 1.4625 180) (size 0.25 0.825) (layers F.Cu F.Paste F.Mask) (roundrect_rratio 0.25)
      (net 13 "Net-(C301-Pad2)"))
    (pad 5 smd roundrect (at -0.75 1.4625 180) (size 0.25 0.825) (layers F.Cu F.Paste F.Mask) (roundrect_rratio 0.25)
      (net 1 GND))
    (pad 4 smd roundrect (at -1.4625 0.75 180) (size 0.825 0.25) (layers F.Cu F.Paste F.Mask) (roundrect_rratio 0.25)
      (net 20 /FILTER/SWITCH1_V2))
    (pad 3 smd roundrect (at -1.4625 0.25 180) (size 0.825 0.25) (layers F.Cu F.Paste F.Mask) (roundrect_rratio 0.25)
      (net 21 /FILTER/SWITCH1_V1))
    (pad 2 smd roundrect (at -1.4625 -0.25 180) (size 0.825 0.25) (layers F.Cu F.Paste F.Mask) (roundrect_rratio 0.25)
      (net 130 VCC))
    (pad 1 smd roundrect (at -1.4625 -0.75 180) (size 0.825 0.25) (layers F.Cu F.Paste F.Mask) (roundrect_rratio 0.25)
      (net 1 GND))
    (pad "" smd roundrect (at 0.425 0.425 180) (size 0.69 0.69) (layers F.Paste) (roundrect_rratio 0.25))
    (pad "" smd roundrect (at 0.425 -0.425 180) (size 0.69 0.69) (layers F.Paste) (roundrect_rratio 0.25))
    (pad "" smd roundrect (at -0.425 0.425 180) (size 0.69 0.69) (layers F.Paste) (roundrect_rratio 0.25))
    (pad "" smd roundrect (at -0.425 -0.425 180) (size 0.69 0.69) (layers F.Paste) (roundrect_rratio 0.25))
    (pad GND smd roundrect (at 0 0 180) (size 1.7 1.7) (layers F.Cu F.Mask) (roundrect_rratio 0.147))
    (model ${KISYS3DMOD}/Package_DFN_QFN.3dshapes/QFN-16-1EP_3x3mm_P0.5mm_EP1.7x1.7mm.wrl
      (at (xyz 0 0 0))
      (scale (xyz 1 1 1))
      (rotate (xyz 0 0 0))
    )
  )

  (module Capacitor_SMD:C_0603_1608Metric (layer F.Cu) (tedit 5B301BBE) (tstamp 5CB3CFA3)
    (at 175.406 109.0905 90)
    (descr "Capacitor SMD 0603 (1608 Metric), square (rectangular) end terminal, IPC_7351 nominal, (Body size source: http://www.tortai-tech.com/upload/download/2011102023233369053.pdf), generated with kicad-footprint-generator")
    (tags capacitor)
    (path /5C9C3AA3/5CE4C3BA)
    (attr smd)
    (fp_text reference C214 (at 0 -1.43 90) (layer F.SilkS)
      (effects (font (size 1 1) (thickness 0.15)))
    )
    (fp_text value 0.1uF (at 0 1.43 90) (layer F.Fab)
      (effects (font (size 1 1) (thickness 0.15)))
    )
    (fp_text user %R (at 0 0 90) (layer F.Fab)
      (effects (font (size 0.4 0.4) (thickness 0.06)))
    )
    (fp_line (start 1.48 0.73) (end -1.48 0.73) (layer F.CrtYd) (width 0.05))
    (fp_line (start 1.48 -0.73) (end 1.48 0.73) (layer F.CrtYd) (width 0.05))
    (fp_line (start -1.48 -0.73) (end 1.48 -0.73) (layer F.CrtYd) (width 0.05))
    (fp_line (start -1.48 0.73) (end -1.48 -0.73) (layer F.CrtYd) (width 0.05))
    (fp_line (start -0.162779 0.51) (end 0.162779 0.51) (layer F.SilkS) (width 0.12))
    (fp_line (start -0.162779 -0.51) (end 0.162779 -0.51) (layer F.SilkS) (width 0.12))
    (fp_line (start 0.8 0.4) (end -0.8 0.4) (layer F.Fab) (width 0.1))
    (fp_line (start 0.8 -0.4) (end 0.8 0.4) (layer F.Fab) (width 0.1))
    (fp_line (start -0.8 -0.4) (end 0.8 -0.4) (layer F.Fab) (width 0.1))
    (fp_line (start -0.8 0.4) (end -0.8 -0.4) (layer F.Fab) (width 0.1))
    (pad 2 smd roundrect (at 0.7875 0 90) (size 0.875 0.95) (layers F.Cu F.Paste F.Mask) (roundrect_rratio 0.25)
      (net 1 GND))
    (pad 1 smd roundrect (at -0.7875 0 90) (size 0.875 0.95) (layers F.Cu F.Paste F.Mask) (roundrect_rratio 0.25)
      (net 130 VCC))
    (model ${KISYS3DMOD}/Capacitor_SMD.3dshapes/C_0603_1608Metric.wrl
      (at (xyz 0 0 0))
      (scale (xyz 1 1 1))
      (rotate (xyz 0 0 0))
    )
  )

  (module Capacitor_SMD:C_0603_1608Metric (layer F.Cu) (tedit 5B301BBE) (tstamp 5CB3CF92)
    (at 181.248 109.0905 90)
    (descr "Capacitor SMD 0603 (1608 Metric), square (rectangular) end terminal, IPC_7351 nominal, (Body size source: http://www.tortai-tech.com/upload/download/2011102023233369053.pdf), generated with kicad-footprint-generator")
    (tags capacitor)
    (path /5C9C3AA3/5CE2EBB9)
    (attr smd)
    (fp_text reference C213 (at 0 -1.43 90) (layer F.SilkS)
      (effects (font (size 1 1) (thickness 0.15)))
    )
    (fp_text value 0.1uF (at 0 1.43 90) (layer F.Fab)
      (effects (font (size 1 1) (thickness 0.15)))
    )
    (fp_text user %R (at 0 0 90) (layer F.Fab)
      (effects (font (size 0.4 0.4) (thickness 0.06)))
    )
    (fp_line (start 1.48 0.73) (end -1.48 0.73) (layer F.CrtYd) (width 0.05))
    (fp_line (start 1.48 -0.73) (end 1.48 0.73) (layer F.CrtYd) (width 0.05))
    (fp_line (start -1.48 -0.73) (end 1.48 -0.73) (layer F.CrtYd) (width 0.05))
    (fp_line (start -1.48 0.73) (end -1.48 -0.73) (layer F.CrtYd) (width 0.05))
    (fp_line (start -0.162779 0.51) (end 0.162779 0.51) (layer F.SilkS) (width 0.12))
    (fp_line (start -0.162779 -0.51) (end 0.162779 -0.51) (layer F.SilkS) (width 0.12))
    (fp_line (start 0.8 0.4) (end -0.8 0.4) (layer F.Fab) (width 0.1))
    (fp_line (start 0.8 -0.4) (end 0.8 0.4) (layer F.Fab) (width 0.1))
    (fp_line (start -0.8 -0.4) (end 0.8 -0.4) (layer F.Fab) (width 0.1))
    (fp_line (start -0.8 0.4) (end -0.8 -0.4) (layer F.Fab) (width 0.1))
    (pad 2 smd roundrect (at 0.7875 0 90) (size 0.875 0.95) (layers F.Cu F.Paste F.Mask) (roundrect_rratio 0.25)
      (net 1 GND))
    (pad 1 smd roundrect (at -0.7875 0 90) (size 0.875 0.95) (layers F.Cu F.Paste F.Mask) (roundrect_rratio 0.25)
      (net 130 VCC))
    (model ${KISYS3DMOD}/Capacitor_SMD.3dshapes/C_0603_1608Metric.wrl
      (at (xyz 0 0 0))
      (scale (xyz 1 1 1))
      (rotate (xyz 0 0 0))
    )
  )

  (module Capacitor_SMD:C_0805_2012Metric (layer B.Cu) (tedit 5B36C52B) (tstamp 5CB2D086)
    (at 156.483 111.4805 270)
    (descr "Capacitor SMD 0805 (2012 Metric), square (rectangular) end terminal, IPC_7351 nominal, (Body size source: https://docs.google.com/spreadsheets/d/1BsfQQcO9C6DZCsRaXUlFlo91Tg2WpOkGARC1WS5S8t0/edit?usp=sharing), generated with kicad-footprint-generator")
    (tags capacitor)
    (path /5C9C3AA3/5CCC0644)
    (attr smd)
    (fp_text reference C201 (at 0 1.65 270) (layer B.SilkS)
      (effects (font (size 1 1) (thickness 0.15)) (justify mirror))
    )
    (fp_text value 10uF (at 0 -1.65 270) (layer B.Fab)
      (effects (font (size 1 1) (thickness 0.15)) (justify mirror))
    )
    (fp_line (start -1 -0.6) (end -1 0.6) (layer B.Fab) (width 0.1))
    (fp_line (start -1 0.6) (end 1 0.6) (layer B.Fab) (width 0.1))
    (fp_line (start 1 0.6) (end 1 -0.6) (layer B.Fab) (width 0.1))
    (fp_line (start 1 -0.6) (end -1 -0.6) (layer B.Fab) (width 0.1))
    (fp_line (start -0.258578 0.71) (end 0.258578 0.71) (layer B.SilkS) (width 0.12))
    (fp_line (start -0.258578 -0.71) (end 0.258578 -0.71) (layer B.SilkS) (width 0.12))
    (fp_line (start -1.68 -0.95) (end -1.68 0.95) (layer B.CrtYd) (width 0.05))
    (fp_line (start -1.68 0.95) (end 1.68 0.95) (layer B.CrtYd) (width 0.05))
    (fp_line (start 1.68 0.95) (end 1.68 -0.95) (layer B.CrtYd) (width 0.05))
    (fp_line (start 1.68 -0.95) (end -1.68 -0.95) (layer B.CrtYd) (width 0.05))
    (fp_text user %R (at 0 0 270) (layer B.Fab)
      (effects (font (size 0.5 0.5) (thickness 0.08)) (justify mirror))
    )
    (pad 1 smd roundrect (at -0.9375 0 270) (size 0.975 1.4) (layers B.Cu B.Paste B.Mask) (roundrect_rratio 0.25)
      (net 1 GND))
    (pad 2 smd roundrect (at 0.9375 0 270) (size 0.975 1.4) (layers B.Cu B.Paste B.Mask) (roundrect_rratio 0.25)
      (net 2 /ADC/REFINA))
    (model ${KISYS3DMOD}/Capacitor_SMD.3dshapes/C_0805_2012Metric.wrl
      (at (xyz 0 0 0))
      (scale (xyz 1 1 1))
      (rotate (xyz 0 0 0))
    )
  )

  (module Capacitor_SMD:C_0603_1608Metric (layer F.Cu) (tedit 5B301BBE) (tstamp 5CB2D097)
    (at 156.483 111.656 270)
    (descr "Capacitor SMD 0603 (1608 Metric), square (rectangular) end terminal, IPC_7351 nominal, (Body size source: http://www.tortai-tech.com/upload/download/2011102023233369053.pdf), generated with kicad-footprint-generator")
    (tags capacitor)
    (path /5C9C3AA3/5CCC0652)
    (attr smd)
    (fp_text reference C202 (at 0 -1.43 270) (layer F.SilkS)
      (effects (font (size 1 1) (thickness 0.15)))
    )
    (fp_text value 0.1uF (at 0 1.43 270) (layer F.Fab)
      (effects (font (size 1 1) (thickness 0.15)))
    )
    (fp_text user %R (at 0 0 270) (layer F.Fab)
      (effects (font (size 0.4 0.4) (thickness 0.06)))
    )
    (fp_line (start 1.48 0.73) (end -1.48 0.73) (layer F.CrtYd) (width 0.05))
    (fp_line (start 1.48 -0.73) (end 1.48 0.73) (layer F.CrtYd) (width 0.05))
    (fp_line (start -1.48 -0.73) (end 1.48 -0.73) (layer F.CrtYd) (width 0.05))
    (fp_line (start -1.48 0.73) (end -1.48 -0.73) (layer F.CrtYd) (width 0.05))
    (fp_line (start -0.162779 0.51) (end 0.162779 0.51) (layer F.SilkS) (width 0.12))
    (fp_line (start -0.162779 -0.51) (end 0.162779 -0.51) (layer F.SilkS) (width 0.12))
    (fp_line (start 0.8 0.4) (end -0.8 0.4) (layer F.Fab) (width 0.1))
    (fp_line (start 0.8 -0.4) (end 0.8 0.4) (layer F.Fab) (width 0.1))
    (fp_line (start -0.8 -0.4) (end 0.8 -0.4) (layer F.Fab) (width 0.1))
    (fp_line (start -0.8 0.4) (end -0.8 -0.4) (layer F.Fab) (width 0.1))
    (pad 2 smd roundrect (at 0.7875 0 270) (size 0.875 0.95) (layers F.Cu F.Paste F.Mask) (roundrect_rratio 0.25)
      (net 2 /ADC/REFINA))
    (pad 1 smd roundrect (at -0.7875 0 270) (size 0.875 0.95) (layers F.Cu F.Paste F.Mask) (roundrect_rratio 0.25)
      (net 1 GND))
    (model ${KISYS3DMOD}/Capacitor_SMD.3dshapes/C_0603_1608Metric.wrl
      (at (xyz 0 0 0))
      (scale (xyz 1 1 1))
      (rotate (xyz 0 0 0))
    )
  )

  (module Capacitor_SMD:C_0805_2012Metric (layer B.Cu) (tedit 5B36C52B) (tstamp 5CB2D0A8)
    (at 153.943 111.4805 270)
    (descr "Capacitor SMD 0805 (2012 Metric), square (rectangular) end terminal, IPC_7351 nominal, (Body size source: https://docs.google.com/spreadsheets/d/1BsfQQcO9C6DZCsRaXUlFlo91Tg2WpOkGARC1WS5S8t0/edit?usp=sharing), generated with kicad-footprint-generator")
    (tags capacitor)
    (path /5C9C3AA3/5CCB8A08)
    (attr smd)
    (fp_text reference C203 (at 0 1.65 270) (layer B.SilkS)
      (effects (font (size 1 1) (thickness 0.15)) (justify mirror))
    )
    (fp_text value 10uF (at 0 -1.65 270) (layer B.Fab)
      (effects (font (size 1 1) (thickness 0.15)) (justify mirror))
    )
    (fp_line (start -1 -0.6) (end -1 0.6) (layer B.Fab) (width 0.1))
    (fp_line (start -1 0.6) (end 1 0.6) (layer B.Fab) (width 0.1))
    (fp_line (start 1 0.6) (end 1 -0.6) (layer B.Fab) (width 0.1))
    (fp_line (start 1 -0.6) (end -1 -0.6) (layer B.Fab) (width 0.1))
    (fp_line (start -0.258578 0.71) (end 0.258578 0.71) (layer B.SilkS) (width 0.12))
    (fp_line (start -0.258578 -0.71) (end 0.258578 -0.71) (layer B.SilkS) (width 0.12))
    (fp_line (start -1.68 -0.95) (end -1.68 0.95) (layer B.CrtYd) (width 0.05))
    (fp_line (start -1.68 0.95) (end 1.68 0.95) (layer B.CrtYd) (width 0.05))
    (fp_line (start 1.68 0.95) (end 1.68 -0.95) (layer B.CrtYd) (width 0.05))
    (fp_line (start 1.68 -0.95) (end -1.68 -0.95) (layer B.CrtYd) (width 0.05))
    (fp_text user %R (at 0 0 270) (layer B.Fab)
      (effects (font (size 0.5 0.5) (thickness 0.08)) (justify mirror))
    )
    (pad 1 smd roundrect (at -0.9375 0 270) (size 0.975 1.4) (layers B.Cu B.Paste B.Mask) (roundrect_rratio 0.25)
      (net 1 GND))
    (pad 2 smd roundrect (at 0.9375 0 270) (size 0.975 1.4) (layers B.Cu B.Paste B.Mask) (roundrect_rratio 0.25)
      (net 3 /ADC/REFINB))
    (model ${KISYS3DMOD}/Capacitor_SMD.3dshapes/C_0805_2012Metric.wrl
      (at (xyz 0 0 0))
      (scale (xyz 1 1 1))
      (rotate (xyz 0 0 0))
    )
  )

  (module Capacitor_SMD:C_0603_1608Metric (layer F.Cu) (tedit 5B301BBE) (tstamp 5CB2D0B9)
    (at 153.943 111.656 270)
    (descr "Capacitor SMD 0603 (1608 Metric), square (rectangular) end terminal, IPC_7351 nominal, (Body size source: http://www.tortai-tech.com/upload/download/2011102023233369053.pdf), generated with kicad-footprint-generator")
    (tags capacitor)
    (path /5C9C3AA3/5CCB8A16)
    (attr smd)
    (fp_text reference C204 (at 0 -1.43 270) (layer F.SilkS)
      (effects (font (size 1 1) (thickness 0.15)))
    )
    (fp_text value 0.1uF (at 0 1.43 270) (layer F.Fab)
      (effects (font (size 1 1) (thickness 0.15)))
    )
    (fp_line (start -0.8 0.4) (end -0.8 -0.4) (layer F.Fab) (width 0.1))
    (fp_line (start -0.8 -0.4) (end 0.8 -0.4) (layer F.Fab) (width 0.1))
    (fp_line (start 0.8 -0.4) (end 0.8 0.4) (layer F.Fab) (width 0.1))
    (fp_line (start 0.8 0.4) (end -0.8 0.4) (layer F.Fab) (width 0.1))
    (fp_line (start -0.162779 -0.51) (end 0.162779 -0.51) (layer F.SilkS) (width 0.12))
    (fp_line (start -0.162779 0.51) (end 0.162779 0.51) (layer F.SilkS) (width 0.12))
    (fp_line (start -1.48 0.73) (end -1.48 -0.73) (layer F.CrtYd) (width 0.05))
    (fp_line (start -1.48 -0.73) (end 1.48 -0.73) (layer F.CrtYd) (width 0.05))
    (fp_line (start 1.48 -0.73) (end 1.48 0.73) (layer F.CrtYd) (width 0.05))
    (fp_line (start 1.48 0.73) (end -1.48 0.73) (layer F.CrtYd) (width 0.05))
    (fp_text user %R (at 0 0 270) (layer F.Fab)
      (effects (font (size 0.4 0.4) (thickness 0.06)))
    )
    (pad 1 smd roundrect (at -0.7875 0 270) (size 0.875 0.95) (layers F.Cu F.Paste F.Mask) (roundrect_rratio 0.25)
      (net 1 GND))
    (pad 2 smd roundrect (at 0.7875 0 270) (size 0.875 0.95) (layers F.Cu F.Paste F.Mask) (roundrect_rratio 0.25)
      (net 3 /ADC/REFINB))
    (model ${KISYS3DMOD}/Capacitor_SMD.3dshapes/C_0603_1608Metric.wrl
      (at (xyz 0 0 0))
      (scale (xyz 1 1 1))
      (rotate (xyz 0 0 0))
    )
  )

  (module Capacitor_SMD:C_0603_1608Metric (layer F.Cu) (tedit 5B301BBE) (tstamp 5CB2D0CA)
    (at 160.801 113.434 90)
    (descr "Capacitor SMD 0603 (1608 Metric), square (rectangular) end terminal, IPC_7351 nominal, (Body size source: http://www.tortai-tech.com/upload/download/2011102023233369053.pdf), generated with kicad-footprint-generator")
    (tags capacitor)
    (path /5C9C3AA3/5CB5DA58)
    (attr smd)
    (fp_text reference C205 (at 0 -1.43 90) (layer F.SilkS)
      (effects (font (size 1 1) (thickness 0.15)))
    )
    (fp_text value 0.1uF (at 0 1.43 90) (layer F.Fab)
      (effects (font (size 1 1) (thickness 0.15)))
    )
    (fp_text user %R (at 0 0 90) (layer F.Fab)
      (effects (font (size 0.4 0.4) (thickness 0.06)))
    )
    (fp_line (start 1.48 0.73) (end -1.48 0.73) (layer F.CrtYd) (width 0.05))
    (fp_line (start 1.48 -0.73) (end 1.48 0.73) (layer F.CrtYd) (width 0.05))
    (fp_line (start -1.48 -0.73) (end 1.48 -0.73) (layer F.CrtYd) (width 0.05))
    (fp_line (start -1.48 0.73) (end -1.48 -0.73) (layer F.CrtYd) (width 0.05))
    (fp_line (start -0.162779 0.51) (end 0.162779 0.51) (layer F.SilkS) (width 0.12))
    (fp_line (start -0.162779 -0.51) (end 0.162779 -0.51) (layer F.SilkS) (width 0.12))
    (fp_line (start 0.8 0.4) (end -0.8 0.4) (layer F.Fab) (width 0.1))
    (fp_line (start 0.8 -0.4) (end 0.8 0.4) (layer F.Fab) (width 0.1))
    (fp_line (start -0.8 -0.4) (end 0.8 -0.4) (layer F.Fab) (width 0.1))
    (fp_line (start -0.8 0.4) (end -0.8 -0.4) (layer F.Fab) (width 0.1))
    (pad 2 smd roundrect (at 0.7875 0 90) (size 0.875 0.95) (layers F.Cu F.Paste F.Mask) (roundrect_rratio 0.25)
      (net 4 "Net-(C205-Pad2)"))
    (pad 1 smd roundrect (at -0.7875 0 90) (size 0.875 0.95) (layers F.Cu F.Paste F.Mask) (roundrect_rratio 0.25)
      (net 5 "Net-(C205-Pad1)"))
    (model ${KISYS3DMOD}/Capacitor_SMD.3dshapes/C_0603_1608Metric.wrl
      (at (xyz 0 0 0))
      (scale (xyz 1 1 1))
      (rotate (xyz 0 0 0))
    )
  )

  (module Capacitor_SMD:C_0603_1608Metric (layer F.Cu) (tedit 5B301BBE) (tstamp 5CB2D0DB)
    (at 159.023 113.434 90)
    (descr "Capacitor SMD 0603 (1608 Metric), square (rectangular) end terminal, IPC_7351 nominal, (Body size source: http://www.tortai-tech.com/upload/download/2011102023233369053.pdf), generated with kicad-footprint-generator")
    (tags capacitor)
    (path /5C9C3AA3/5CB724E9)
    (attr smd)
    (fp_text reference C206 (at 0 -1.43 90) (layer F.SilkS)
      (effects (font (size 1 1) (thickness 0.15)))
    )
    (fp_text value 0.1uF (at 0 1.43 90) (layer F.Fab)
      (effects (font (size 1 1) (thickness 0.15)))
    )
    (fp_line (start -0.8 0.4) (end -0.8 -0.4) (layer F.Fab) (width 0.1))
    (fp_line (start -0.8 -0.4) (end 0.8 -0.4) (layer F.Fab) (width 0.1))
    (fp_line (start 0.8 -0.4) (end 0.8 0.4) (layer F.Fab) (width 0.1))
    (fp_line (start 0.8 0.4) (end -0.8 0.4) (layer F.Fab) (width 0.1))
    (fp_line (start -0.162779 -0.51) (end 0.162779 -0.51) (layer F.SilkS) (width 0.12))
    (fp_line (start -0.162779 0.51) (end 0.162779 0.51) (layer F.SilkS) (width 0.12))
    (fp_line (start -1.48 0.73) (end -1.48 -0.73) (layer F.CrtYd) (width 0.05))
    (fp_line (start -1.48 -0.73) (end 1.48 -0.73) (layer F.CrtYd) (width 0.05))
    (fp_line (start 1.48 -0.73) (end 1.48 0.73) (layer F.CrtYd) (width 0.05))
    (fp_line (start 1.48 0.73) (end -1.48 0.73) (layer F.CrtYd) (width 0.05))
    (fp_text user %R (at 0 0 90) (layer F.Fab)
      (effects (font (size 0.4 0.4) (thickness 0.06)))
    )
    (pad 1 smd roundrect (at -0.7875 0 90) (size 0.875 0.95) (layers F.Cu F.Paste F.Mask) (roundrect_rratio 0.25)
      (net 6 "Net-(C206-Pad1)"))
    (pad 2 smd roundrect (at 0.7875 0 90) (size 0.875 0.95) (layers F.Cu F.Paste F.Mask) (roundrect_rratio 0.25)
      (net 7 "Net-(C206-Pad2)"))
    (model ${KISYS3DMOD}/Capacitor_SMD.3dshapes/C_0603_1608Metric.wrl
      (at (xyz 0 0 0))
      (scale (xyz 1 1 1))
      (rotate (xyz 0 0 0))
    )
  )

  (module Capacitor_SMD:C_0603_1608Metric (layer F.Cu) (tedit 5B301BBE) (tstamp 5CB2D0EC)
    (at 150.895 113.434 90)
    (descr "Capacitor SMD 0603 (1608 Metric), square (rectangular) end terminal, IPC_7351 nominal, (Body size source: http://www.tortai-tech.com/upload/download/2011102023233369053.pdf), generated with kicad-footprint-generator")
    (tags capacitor)
    (path /5C9C3AA3/5CB7CFE7)
    (attr smd)
    (fp_text reference C207 (at 0 -1.43 90) (layer F.SilkS)
      (effects (font (size 1 1) (thickness 0.15)))
    )
    (fp_text value 0.1uF (at 0 1.43 90) (layer F.Fab)
      (effects (font (size 1 1) (thickness 0.15)))
    )
    (fp_line (start -0.8 0.4) (end -0.8 -0.4) (layer F.Fab) (width 0.1))
    (fp_line (start -0.8 -0.4) (end 0.8 -0.4) (layer F.Fab) (width 0.1))
    (fp_line (start 0.8 -0.4) (end 0.8 0.4) (layer F.Fab) (width 0.1))
    (fp_line (start 0.8 0.4) (end -0.8 0.4) (layer F.Fab) (width 0.1))
    (fp_line (start -0.162779 -0.51) (end 0.162779 -0.51) (layer F.SilkS) (width 0.12))
    (fp_line (start -0.162779 0.51) (end 0.162779 0.51) (layer F.SilkS) (width 0.12))
    (fp_line (start -1.48 0.73) (end -1.48 -0.73) (layer F.CrtYd) (width 0.05))
    (fp_line (start -1.48 -0.73) (end 1.48 -0.73) (layer F.CrtYd) (width 0.05))
    (fp_line (start 1.48 -0.73) (end 1.48 0.73) (layer F.CrtYd) (width 0.05))
    (fp_line (start 1.48 0.73) (end -1.48 0.73) (layer F.CrtYd) (width 0.05))
    (fp_text user %R (at 0 0 90) (layer F.Fab)
      (effects (font (size 0.4 0.4) (thickness 0.06)))
    )
    (pad 1 smd roundrect (at -0.7875 0 90) (size 0.875 0.95) (layers F.Cu F.Paste F.Mask) (roundrect_rratio 0.25)
      (net 8 "Net-(C207-Pad1)"))
    (pad 2 smd roundrect (at 0.7875 0 90) (size 0.875 0.95) (layers F.Cu F.Paste F.Mask) (roundrect_rratio 0.25)
      (net 9 "Net-(C207-Pad2)"))
    (model ${KISYS3DMOD}/Capacitor_SMD.3dshapes/C_0603_1608Metric.wrl
      (at (xyz 0 0 0))
      (scale (xyz 1 1 1))
      (rotate (xyz 0 0 0))
    )
  )

  (module Capacitor_SMD:C_0603_1608Metric (layer F.Cu) (tedit 5B301BBE) (tstamp 5CB2D0FD)
    (at 149.117 113.434 90)
    (descr "Capacitor SMD 0603 (1608 Metric), square (rectangular) end terminal, IPC_7351 nominal, (Body size source: http://www.tortai-tech.com/upload/download/2011102023233369053.pdf), generated with kicad-footprint-generator")
    (tags capacitor)
    (path /5C9C3AA3/5CB7CFFF)
    (attr smd)
    (fp_text reference C208 (at 0 -1.43 90) (layer F.SilkS)
      (effects (font (size 1 1) (thickness 0.15)))
    )
    (fp_text value 0.1uF (at 0 1.43 90) (layer F.Fab)
      (effects (font (size 1 1) (thickness 0.15)))
    )
    (fp_line (start -0.8 0.4) (end -0.8 -0.4) (layer F.Fab) (width 0.1))
    (fp_line (start -0.8 -0.4) (end 0.8 -0.4) (layer F.Fab) (width 0.1))
    (fp_line (start 0.8 -0.4) (end 0.8 0.4) (layer F.Fab) (width 0.1))
    (fp_line (start 0.8 0.4) (end -0.8 0.4) (layer F.Fab) (width 0.1))
    (fp_line (start -0.162779 -0.51) (end 0.162779 -0.51) (layer F.SilkS) (width 0.12))
    (fp_line (start -0.162779 0.51) (end 0.162779 0.51) (layer F.SilkS) (width 0.12))
    (fp_line (start -1.48 0.73) (end -1.48 -0.73) (layer F.CrtYd) (width 0.05))
    (fp_line (start -1.48 -0.73) (end 1.48 -0.73) (layer F.CrtYd) (width 0.05))
    (fp_line (start 1.48 -0.73) (end 1.48 0.73) (layer F.CrtYd) (width 0.05))
    (fp_line (start 1.48 0.73) (end -1.48 0.73) (layer F.CrtYd) (width 0.05))
    (fp_text user %R (at 0 0 90) (layer F.Fab)
      (effects (font (size 0.4 0.4) (thickness 0.06)))
    )
    (pad 1 smd roundrect (at -0.7875 0 90) (size 0.875 0.95) (layers F.Cu F.Paste F.Mask) (roundrect_rratio 0.25)
      (net 10 "Net-(C208-Pad1)"))
    (pad 2 smd roundrect (at 0.7875 0 90) (size 0.875 0.95) (layers F.Cu F.Paste F.Mask) (roundrect_rratio 0.25)
      (net 11 "Net-(C208-Pad2)"))
    (model ${KISYS3DMOD}/Capacitor_SMD.3dshapes/C_0603_1608Metric.wrl
      (at (xyz 0 0 0))
      (scale (xyz 1 1 1))
      (rotate (xyz 0 0 0))
    )
  )

  (module Capacitor_SMD:C_0603_1608Metric (layer B.Cu) (tedit 5B301BBE) (tstamp 5CB2D10E)
    (at 163.087 119.276 180)
    (descr "Capacitor SMD 0603 (1608 Metric), square (rectangular) end terminal, IPC_7351 nominal, (Body size source: http://www.tortai-tech.com/upload/download/2011102023233369053.pdf), generated with kicad-footprint-generator")
    (tags capacitor)
    (path /5C9C3AA3/5CBA3617)
    (attr smd)
    (fp_text reference C209 (at 0 1.43 180) (layer B.SilkS)
      (effects (font (size 1 1) (thickness 0.15)) (justify mirror))
    )
    (fp_text value 0.1uF (at 0 -1.43 180) (layer B.Fab)
      (effects (font (size 1 1) (thickness 0.15)) (justify mirror))
    )
    (fp_line (start -0.8 -0.4) (end -0.8 0.4) (layer B.Fab) (width 0.1))
    (fp_line (start -0.8 0.4) (end 0.8 0.4) (layer B.Fab) (width 0.1))
    (fp_line (start 0.8 0.4) (end 0.8 -0.4) (layer B.Fab) (width 0.1))
    (fp_line (start 0.8 -0.4) (end -0.8 -0.4) (layer B.Fab) (width 0.1))
    (fp_line (start -0.162779 0.51) (end 0.162779 0.51) (layer B.SilkS) (width 0.12))
    (fp_line (start -0.162779 -0.51) (end 0.162779 -0.51) (layer B.SilkS) (width 0.12))
    (fp_line (start -1.48 -0.73) (end -1.48 0.73) (layer B.CrtYd) (width 0.05))
    (fp_line (start -1.48 0.73) (end 1.48 0.73) (layer B.CrtYd) (width 0.05))
    (fp_line (start 1.48 0.73) (end 1.48 -0.73) (layer B.CrtYd) (width 0.05))
    (fp_line (start 1.48 -0.73) (end -1.48 -0.73) (layer B.CrtYd) (width 0.05))
    (fp_text user %R (at 0 0 180) (layer B.Fab)
      (effects (font (size 0.4 0.4) (thickness 0.06)) (justify mirror))
    )
    (pad 1 smd roundrect (at -0.7875 0 180) (size 0.875 0.95) (layers B.Cu B.Paste B.Mask) (roundrect_rratio 0.25)
      (net 1 GND))
    (pad 2 smd roundrect (at 0.7875 0 180) (size 0.875 0.95) (layers B.Cu B.Paste B.Mask) (roundrect_rratio 0.25)
      (net 130 VCC))
    (model ${KISYS3DMOD}/Capacitor_SMD.3dshapes/C_0603_1608Metric.wrl
      (at (xyz 0 0 0))
      (scale (xyz 1 1 1))
      (rotate (xyz 0 0 0))
    )
  )

  (module Capacitor_SMD:C_0603_1608Metric (layer B.Cu) (tedit 5B301BBE) (tstamp 5CB2D11F)
    (at 146.45 119.149)
    (descr "Capacitor SMD 0603 (1608 Metric), square (rectangular) end terminal, IPC_7351 nominal, (Body size source: http://www.tortai-tech.com/upload/download/2011102023233369053.pdf), generated with kicad-footprint-generator")
    (tags capacitor)
    (path /5C9C3AA3/5CB96742)
    (attr smd)
    (fp_text reference C210 (at 0 1.43) (layer B.SilkS)
      (effects (font (size 1 1) (thickness 0.15)) (justify mirror))
    )
    (fp_text value 0.1uF (at 0 -1.43) (layer B.Fab)
      (effects (font (size 1 1) (thickness 0.15)) (justify mirror))
    )
    (fp_text user %R (at 0 0) (layer B.Fab)
      (effects (font (size 0.4 0.4) (thickness 0.06)) (justify mirror))
    )
    (fp_line (start 1.48 -0.73) (end -1.48 -0.73) (layer B.CrtYd) (width 0.05))
    (fp_line (start 1.48 0.73) (end 1.48 -0.73) (layer B.CrtYd) (width 0.05))
    (fp_line (start -1.48 0.73) (end 1.48 0.73) (layer B.CrtYd) (width 0.05))
    (fp_line (start -1.48 -0.73) (end -1.48 0.73) (layer B.CrtYd) (width 0.05))
    (fp_line (start -0.162779 -0.51) (end 0.162779 -0.51) (layer B.SilkS) (width 0.12))
